71.1425 7.10543e-15 -1079.53 1.56987 13800
20.2359 1.77636e-15 -291.204 1.56737 13860
12.2983 0 -168.281 1.56487 13920
9.07228 0 -118.32 1.56237 13980
7.3229 4.44089e-16 -91.2263 1.55987 14040
6.22516 -8.88178e-16 -74.2232 1.55737 14100
5.47213 -4.44089e-16 -62.5583 1.55487 14160
4.92349 -8.88178e-16 -54.0585 1.55238 14220
4.50597 0 -47.5892 1.54988 14280
4.17759 0 -42.5002 1.54738 14340
3.91257 0 -38.3924 1.54489 14400
3.69418 -4.44089e-16 -35.0066 1.5424 14460
3.51111 0 -32.1679 1.5399 14520
3.35545 -2.22045e-16 -29.7535 1.53741 14580
3.22146 0 -27.6748 1.53492 14640
3.10491 -2.22045e-16 -25.8662 1.53243 14700
3.00262 0 -24.2783 1.52994 14760
2.91211 0 -22.873 1.52745 14820
2.83147 0 -21.6203 1.52497 14880
2.75916 0 -20.4968 1.52248 14940
2.69396 -4.44089e-16 -19.4833 1.52 15000
2.63487 2.22045e-16 -18.5644 1.51751 15060
2.58107 2.22045e-16 -17.7275 1.51503 15120
2.53188 -2.22045e-16 -16.9619 1.51255 15180
2.48674 -2.22045e-16 -16.259 1.51007 15240
2.44516 -2.22045e-16 -15.6113 1.5076 15300
2.40674 0 -15.0125 1.50512 15360
2.37113 2.22045e-16 -14.4573 1.50264 15420
2.33804 0 -13.9411 1.50017 15480
2.30721 2.22045e-16 -13.4598 1.4977 15540
2.27842 2.22045e-16 -13.01 1.49523 15600
2.25146 0 -12.5888 1.49276 15660
2.22618 0 -12.1934 1.49029 15720
2.20242 0 -11.8216 1.48783 15780
2.18004 -2.22045e-16 -11.4713 1.48536 15840
2.15894 2.22045e-16 -11.1406 1.4829 15900
2.13899 -4.44089e-16 -10.828 1.48044 15960
2.12013 0 -10.5319 1.47798 16020
2.10225 2.22045e-16 -10.2512 1.47552 16080
2.08528 0 -9.98455 1.47307 16140
2.06915 0 -9.73102 1.47062 16200
2.05381 -2.22045e-16 -9.48962 1.46816 16260
2.0392 -2.22045e-16 -9.25949 1.46571 16320
2.02527 0 -9.03985 1.46327 16380
2.01197 -2.22045e-16 -8.82999 1.46082 16440
1.99925 0 -8.62927 1.45838 16500
1.98709 2.22045e-16 -8.4371 1.45594 16560
1.97545 -2.22045e-16 -8.25293 1.4535 16620
1.96429 0 -8.07626 1.45106 16680
1.95359 -1.11022e-16 -7.90665 1.44862 16740
1.94332 0 -7.74367 1.44619 16800
1.93344 2.22045e-16 -7.58693 1.44376 16860
1.92395 -2.22045e-16 -7.43607 1.44133 16920
1.91482 1.11022e-16 -7.29078 1.43891 16980
1.90603 -2.22045e-16 -7.15072 1.43648 17040
1.89756 -1.11022e-16 -7.01564 1.43406 17100
1.88939 1.11022e-16 -6.88525 1.43164 17160
1.88151 -2.22045e-16 -6.75932 1.42922 17220
1.8739 -1.11022e-16 -6.63761 1.42681 17280
1.86655 -1.11022e-16 -6.51991 1.4244 17340
1.85945 -3.33067e-16 -6.40602 1.42199 17400
1.85258 0 -6.29576 1.41958 17460
1.84593 -1.11022e-16 -6.18894 1.41718 17520
1.8395 0 -6.08542 1.41478 17580
1.83327 -2.22045e-16 -5.98503 1.41238 17640
1.82724 -1.11022e-16 -5.88763 1.40998 17700
1.82138 -3.33067e-16 -5.79308 1.40759 17760
1.81571 -2.22045e-16 -5.70126 1.4052 17820
1.8102 0 -5.61205 1.40281 17880
1.80485 1.11022e-16 -5.52534 1.40043 17940
1.79966 0 -5.44101 1.39804 18000
1.79462 1.11022e-16 -5.35897 1.39566 18060
1.78972 1.11022e-16 -5.27912 1.39329 18120
1.78495 -1.11022e-16 -5.20138 1.39091 18180
1.78032 -1.11022e-16 -5.12565 1.38854 18240
1.77581 -1.11022e-16 -5.05186 1.38618 18300
1.77142 2.22045e-16 -4.97993 1.38381 18360
1.76714 -1.11022e-16 -4.9098 1.38145 18420
1.76298 0 -4.84138 1.37909 18480
1.75893 2.22045e-16 -4.77462 1.37674 18540
1.75497 0 -4.70945 1.37439 18600
1.75112 0 -4.64582 1.37204 18660
1.74736 -2.22045e-16 -4.58366 1.3697 18720
1.7437 -1.11022e-16 -4.52294 1.36735 18780
1.74012 0 -4.46358 1.36502 18840
1.73663 -1.11022e-16 -4.40555 1.36268 18900
1.73323 -3.33067e-16 -4.34881 1.36035 18960
1.7299 0 -4.2933 1.35802 19020
1.72665 2.22045e-16 -4.23898 1.3557 19080
1.72348 -1.11022e-16 -4.18581 1.35338 19140
1.72037 -1.11022e-16 -4.13377 1.35106 19200
1.71734 -2.22045e-16 -4.0828 1.34875 19260
1.71438 0 -4.03287 1.34644 19320
1.71148 1.11022e-16 -3.98395 1.34413 19380
1.70864 4.44089e-16 -3.93602 1.34183 19440
1.70587 -2.22045e-16 -3.88902 1.33953 19500
1.70315 0 -3.84295 1.33724 19560
1.70049 0 -3.79776 1.33495 19620
1.69789 0 -3.75344 1.33266 19680
1.69535 1.11022e-16 -3.70995 1.33038 19740
1.69285 0 -3.66727 1.3281 19800
1.69041 1.11022e-16 -3.62538 1.32582 19860
1.68801 1.11022e-16 -3.58426 1.32355 19920
1.68567 0 -3.54387 1.32129 19980
1.68337 0 -3.5042 1.31902 20040
1.68112 1.11022e-16 -3.46523 1.31677 20100
1.67891 0 -3.42694 1.31451 20160
1.67674 0 -3.38931 1.31226 20220
1.67462 -2.22045e-16 -3.35233 1.31002 20280
1.67253 1.11022e-16 -3.31596 1.30777 20340
1.67049 -4.44089e-16 -3.28021 1.30554 20400
1.66848 -1.11022e-16 -3.24504 1.30331 20460
1.66651 0 -3.21045 1.30108 20520
1.66458 0 -3.17642 1.29885 20580
1.66269 -1.11022e-16 -3.14293 1.29663 20640
1.66082 -4.44089e-16 -3.10997 1.29442 20700
1.65899 -2.22045e-16 -3.07753 1.29221 20760
1.6572 0 -3.0456 1.29001 20820
1.65544 0 -3.01415 1.2878 20880
1.6537 -1.11022e-16 -2.98318 1.28561 20940
1.652 1.11022e-16 -2.95268 1.28342 21000
1.65033 -1.11022e-16 -2.92263 1.28123 21060
1.64869 1.11022e-16 -2.89302 1.27905 21120
1.64707 -1.11022e-16 -2.86385 1.27687 21180
1.64548 0 -2.8351 1.2747 21240
1.64392 -1.11022e-16 -2.80676 1.27254 21300
1.64239 1.11022e-16 -2.77882 1.27037 21360
1.64088 -2.22045e-16 -2.75127 1.26822 21420
1.6394 0 -2.72411 1.26607 21480
1.63794 0 -2.69732 1.26392 21540
1.63651 0 -2.67089 1.26178 21600
1.63509 -1.11022e-16 -2.64483 1.25964 21660
1.63371 -2.22045e-16 -2.61911 1.25751 21720
1.63234 1.11022e-16 -2.59373 1.25539 21780
1.631 2.22045e-16 -2.56868 1.25327 21840
1.62967 0 -2.54396 1.25115 21900
1.62837 1.11022e-16 -2.51956 1.24904 21960
1.62709 0 -2.49546 1.24694 22020
1.62583 -3.33067e-16 -2.47167 1.24484 22080
1.62459 2.22045e-16 -2.44818 1.24275 22140
1.62337 0 -2.42498 1.24066 22200
1.62216 2.22045e-16 -2.40207 1.23858 22260
1.62098 -1.11022e-16 -2.37943 1.2365 22320
1.61981 -2.22045e-16 -2.35707 1.23443 22380
1.61866 0 -2.33497 1.23237 22440
1.61753 -1.11022e-16 -2.31314 1.23031 22500
1.61641 2.22045e-16 -2.29156 1.22826 22560
1.61531 -1.11022e-16 -2.27023 1.22621 22620
1.61423 0 -2.24914 1.22417 22680
1.61317 1.11022e-16 -2.2283 1.22213 22740
1.61212 -1.11022e-16 -2.20769 1.22011 22800
1.61108 -2.22045e-16 -2.18731 1.21808 22860
1.61006 1.11022e-16 -2.16716 1.21607 22920
1.60906 0 -2.14723 1.21406 22980
1.60806 0 -2.12752 1.21205 23040
1.60709 1.11022e-16 -2.10802 1.21005 23100
1.60613 -2.22045e-16 -2.08873 1.20806 23160
1.60518 -1.11022e-16 -2.06964 1.20608 23220
1.60424 2.22045e-16 -2.05075 1.2041 23280
1.60332 1.11022e-16 -2.03206 1.20212 23340
1.60241 -2.22045e-16 -2.01356 1.20016 23400
1.60151 -1.11022e-16 -1.99525 1.1982 23460
1.60063 0 -1.97713 1.19624 23520
1.59976 2.22045e-16 -1.95919 1.1943 23580
1.5989 0 -1.94143 1.19236 23640
1.59805 0 -1.92384 1.19043 23700
1.59721 -2.22045e-16 -1.90642 1.1885 23760
1.59639 -1.11022e-16 -1.88917 1.18658 23820
1.59557 1.11022e-16 -1.87209 1.18467 23880
1.59477 -1.11022e-16 -1.85517 1.18276 23940
1.59398 -3.33067e-16 -1.83841 1.18086 24000
1.5932 -1.11022e-16 -1.82181 1.17897 24060
1.59243 -1.11022e-16 -1.80536 1.17708 24120
1.59167 1.11022e-16 -1.78906 1.17521 24180
1.59092 0 -1.77291 1.17333 24240
1.59017 1.11022e-16 -1.75691 1.17147 24300
1.58944 1.11022e-16 -1.74105 1.16961 24360
1.58872 -3.33067e-16 -1.72533 1.16777 24420
1.58801 -1.11022e-16 -1.70974 1.16592 24480
1.58731 -1.11022e-16 -1.69429 1.16409 24540
1.58662 -2.22045e-16 -1.67898 1.16226 24600
1.58593 0 -1.6638 1.16044 24660
1.58526 -2.22045e-16 -1.64874 1.15863 24720
1.58459 0 -1.63381 1.15682 24780
1.58393 1.11022e-16 -1.61901 1.15503 24840
1.58328 0 -1.60433 1.15324 24900
1.58264 -2.22045e-16 -1.58976 1.15145 24960
1.58201 -2.22045e-16 -1.57532 1.14968 25020
1.58139 -2.22045e-16 -1.56099 1.14791 25080
1.58077 -2.22045e-16 -1.54678 1.14615 25140
1.58016 0 -1.53267 1.1444 25200
1.57956 1.11022e-16 -1.51868 1.14266 25260
1.57897 1.11022e-16 -1.5048 1.14092 25320
1.57838 -4.44089e-16 -1.49102 1.1392 25380
1.5778 1.11022e-16 -1.47735 1.13748 25440
1.57723 2.22045e-16 -1.46378 1.13577 25500
1.57667 -3.33067e-16 -1.45031 1.13406 25560
1.57611 -1.11022e-16 -1.43694 1.13237 25620
1.57556 0 -1.42367 1.13068 25680
1.57502 -3.33067e-16 -1.41049 1.129 25740
1.57449 0 -1.39741 1.12733 25800
1.57396 -1.11022e-16 -1.38443 1.12567 25860
1.57343 1.11022e-16 -1.37153 1.12402 25920
1.57292 -1.11022e-16 -1.35873 1.12237 25980
1.57241 1.11022e-16 -1.34601 1.12074 26040
1.57191 -3.33067e-16 -1.33338 1.11911 26100
1.57141 1.11022e-16 -1.32084 1.11749 26160
1.57092 -2.22045e-16 -1.30838 1.11588 26220
1.57043 -1.11022e-16 -1.29601 1.11428 26280
1.56995 -1.11022e-16 -1.28372 1.11268 26340
1.56948 -2.22045e-16 -1.2715 1.1111 26400
1.56901 -1.11022e-16 -1.25937 1.10952 26460
1.56855 0 -1.24732 1.10795 26520
1.5681 -2.22045e-16 -1.23534 1.1064 26580
1.56765 -2.22045e-16 -1.22344 1.10485 26640
1.56721 0 -1.21161 1.10331 26700
1.56677 1.11022e-16 -1.19985 1.10178 26760
1.56633 0 -1.18817 1.10025 26820
1.56591 2.22045e-16 -1.17656 1.09874 26880
1.56548 -4.44089e-16 -1.16502 1.09724 26940
1.56507 1.11022e-16 -1.15354 1.09574 27000
1.56465 -3.33067e-16 -1.14214 1.09426 27060
1.56425 -1.11022e-16 -1.1308 1.09278 27120
1.56385 0 -1.11952 1.09132 27180
1.56345 0 -1.10832 1.08986 27240
1.56306 1.11022e-16 -1.09717 1.08841 27300
1.56267 1.11022e-16 -1.08609 1.08697 27360
1.56229 0 -1.07507 1.08555 27420
1.56191 -1.11022e-16 -1.06411 1.08413 27480
1.56154 -1.11022e-16 -1.05321 1.08272 27540
1.56117 -1.11022e-16 -1.04236 1.08132 27600
1.56081 1.11022e-16 -1.03158 1.07993 27660
1.56045 -3.33067e-16 -1.02085 1.07855 27720
1.56009 -3.33067e-16 -1.01018 1.07718 27780
1.55974 3.33067e-16 -0.999565 1.07582 27840
1.5594 -2.22045e-16 -0.989004 1.07447 27900
1.55906 1.11022e-16 -0.978496 1.07313 27960
1.55872 0 -0.96804 1.0718 28020
1.55839 1.11022e-16 -0.957637 1.07048 28080
1.55806 2.22045e-16 -0.947284 1.06917 28140
1.55773 1.11022e-16 -0.936982 1.06787 28200
1.55741 -2.22045e-16 -0.926729 1.06658 28260
1.5571 -2.22045e-16 -0.916525 1.0653 28320
1.55679 2.22045e-16 -0.906368 1.06403 28380
1.55648 -1.11022e-16 -0.896259 1.06277 28440
1.55617 -3.33067e-16 -0.886197 1.06152 28500
1.55587 3.33067e-16 -0.87618 1.06029 28560
1.55558 -5.55112e-16 -0.866208 1.05906 28620
1.55529 -3.33067e-16 -0.856281 1.05784 28680
1.555 3.33067e-16 -0.846397 1.05663 28740
1.55471 1.11022e-16 -0.836556 1.05544 28800
1.55443 1.11022e-16 -0.826757 1.05425 28860
1.55415 1.11022e-16 -0.816999 1.05308 28920
1.55388 0 -0.807283 1.05191 28980
1.55361 -1.11022e-16 -0.797607 1.05076 29040
1.55334 2.22045e-16 -0.78797 1.04962 29100
1.55308 1.11022e-16 -0.778373 1.04849 29160
1.55282 1.11022e-16 -0.768814 1.04737 29220
1.55257 2.22045e-16 -0.759292 1.04626 29280
1.55231 2.22045e-16 -0.749808 1.04516 29340
1.55207 0 -0.74036 1.04407 29400
1.55182 1.11022e-16 -0.730948 1.04299 29460
1.55158 -4.44089e-16 -0.721572 1.04193 29520
1.55134 1.11022e-16 -0.71223 1.04087 29580
1.5511 1.11022e-16 -0.702922 1.03983 29640
1.55087 1.11022e-16 -0.693648 1.0388 29700
1.55064 -2.22045e-16 -0.684407 1.03778 29760
1.55042 0 -0.675199 1.03677 29820
1.5502 0 -0.666022 1.03577 29880
1.54998 -2.22045e-16 -0.656877 1.03478 29940
1.54976 0 -0.647763 1.0338 30000
1.54955 -3.33067e-16 -0.638679 1.03284 30060
1.54934 -1.11022e-16 -0.629625 1.03189 30120
1.54913 2.22045e-16 -0.6206 1.03095 30180
1.54893 0 -0.611604 1.03002 30240
1.54873 -1.11022e-16 -0.602636 1.0291 30300
1.54853 -1.11022e-16 -0.593697 1.02819 30360
1.54834 1.11022e-16 -0.584784 1.0273 30420
1.54815 0 -0.575898 1.02641 30480
1.54796 0 -0.567039 1.02554 30540
1.54777 0 -0.558205 1.02468 30600
1.54759 -3.33067e-16 -0.549397 1.02383 30660
1.54741 -1.11022e-16 -0.540614 1.023 30720
1.54723 1.11022e-16 -0.531855 1.02217 30780
1.54706 -1.11022e-16 -0.52312 1.02136 30840
1.54689 2.22045e-16 -0.514409 1.02056 30900
1.54672 -2.22045e-16 -0.505721 1.01977 30960
1.54656 -4.44089e-16 -0.497055 1.019 31020
1.54639 1.11022e-16 -0.488412 1.01823 31080
1.54623 -3.33067e-16 -0.47979 1.01748 31140
1.54608 1.11022e-16 -0.47119 1.01674 31200
1.54592 1.11022e-16 -0.462611 1.01601 31260
1.54577 1.11022e-16 -0.454052 1.01529 31320
1.54562 1.11022e-16 -0.445513 1.01459 31380
1.54547 3.33067e-16 -0.436994 1.0139 31440
1.54533 0 -0.428494 1.01322 31500
1.54519 -3.33067e-16 -0.420012 1.01255 31560
1.54505 -1.11022e-16 -0.411549 1.01189 31620
1.54492 -2.22045e-16 -0.403104 1.01125 31680
1.54478 0 -0.394677 1.01062 31740
1.54465 2.22045e-16 -0.386267 1.01 31800
1.54453 0 -0.377873 1.0094 31860
1.5444 -1.11022e-16 -0.369496 1.0088 31920
1.54428 1.11022e-16 -0.361135 1.00822 31980
1.54416 -1.11022e-16 -0.35279 1.00765 32040
1.54404 -1.11022e-16 -0.34446 1.0071 32100
1.54393 -2.22045e-16 -0.336144 1.00656 32160
1.54381 2.22045e-16 -0.327843 1.00602 32220
1.5437 -1.11022e-16 -0.319556 1.00551 32280
1.5436 2.22045e-16 -0.311283 1.005 32340
1.54349 -2.22045e-16 -0.303023 1.00451 32400
1.54339 -1.11022e-16 -0.294776 1.00403 32460
1.54329 -3.33067e-16 -0.286542 1.00356 32520
1.54319 -3.33067e-16 -0.27832 1.0031 32580
1.5431 -3.33067e-16 -0.27011 1.00266 32640
1.543 2.22045e-16 -0.261911 1.00223 32700
1.54291 -2.22045e-16 -0.253723 1.00181 32760
1.54282 0 -0.245546 1.00141 32820
1.54274 3.33067e-16 -0.23738 1.00102 32880
1.54266 1.11022e-16 -0.229224 1.00064 32940
1.54258 -4.44089e-16 -0.221077 1.00027 33000
1.5425 0 -0.21294 0.999918 33060
1.54242 -1.11022e-16 -0.204811 0.999577 33120
1.54235 0 -0.196692 0.999249 33180
1.54228 2.22045e-16 -0.18858 0.998934 33240
1.54221 -2.22045e-16 -0.180477 0.998632 33300
1.54214 -3.33067e-16 -0.172381 0.998343 33360
1.54208 1.11022e-16 -0.164293 0.998067 33420
1.54202 1.11022e-16 -0.156211 0.997803 33480
1.54196 0 -0.148136 0.997553 33540
1.5419 -1.11022e-16 -0.140067 0.997315 33600
1.54184 -3.33067e-16 -0.132004 0.99709 33660
1.54179 1.11022e-16 -0.123947 0.996878 33720
1.54174 0 -0.115895 0.99668 33780
1.54169 0 -0.107848 0.996494 33840
1.54165 -2.22045e-16 -0.0998056 0.996321 33900
1.54161 0 -0.0917673 0.996161 33960
1.54156 0 -0.0837329 0.996014 34020
1.54153 -3.33067e-16 -0.0757021 0.99588 34080
1.54149 -2.22045e-16 -0.0676745 0.995759 34140
1.54146 -2.22045e-16 -0.0596499 0.995651 34200
1.54142 0 -0.0516278 0.995556 34260
1.54139 -3.33067e-16 -0.0436079 0.995474 34320
1.54137 1.11022e-16 -0.0355899 0.995405 34380
1.54134 -3.33067e-16 -0.0275735 0.995349 34440
1.54132 0 -0.0195584 0.995306 34500
1.5413 1.11022e-16 -0.0115442 0.995276 34560
1.54128 0 -0.00353057 0.995259 34620
1.54127 2.22045e-16 0.00448279 0.995255 34680
1.54125 -1.11022e-16 0.0124962 0.995264 34740
1.54124 -3.33067e-16 0.0205101 0.995286 34800
1.54123 2.22045e-16 0.0285246 0.995321 34860
1.54122 -1.11022e-16 0.0365403 0.995369 34920
1.54122 -2.22045e-16 0.0445573 0.99543 34980
1.54122 0 0.052576 0.995504 35040
1.54122 -2.22045e-16 0.0605968 0.995591 35100
1.54122 2.22045e-16 0.0686199 0.995691 35160
1.54122 -3.33067e-16 0.0766458 0.995804 35220
1.54123 3.33067e-16 0.0846747 0.995931 35280
1.54124 0 0.092707 0.99607 35340
1.54125 -5.55112e-16 0.100743 0.996222 35400
1.54127 0 0.108783 0.996387 35460
1.54128 -4.44089e-16 0.116827 0.996565 35520
1.5413 0 0.124877 0.996756 35580
1.54132 1.11022e-16 0.132931 0.99696 35640
1.54134 -1.11022e-16 0.14099 0.997176 35700
1.54137 1.11022e-16 0.149056 0.997406 35760
1.5414 1.11022e-16 0.157127 0.997649 35820
1.54142 0 0.165205 0.997904 35880
1.54146 2.22045e-16 0.173289 0.998173 35940
1.54149 0 0.181381 0.998454 36000
1.54153 -1.11022e-16 0.18948 0.998749 36060
1.54157 -2.22045e-16 0.197586 0.999056 36120
1.54161 0 0.205701 0.999376 36180
1.54165 -3.33067e-16 0.213824 0.999708 36240
1.5417 -1.11022e-16 0.221957 1.00005 36300
1.54175 -2.22045e-16 0.230098 1.00041 36360
1.5418 -1.11022e-16 0.238249 1.00078 36420
1.54185 -3.33067e-16 0.246409 1.00117 36480
1.5419 1.11022e-16 0.25458 1.00156 36540
1.54196 0 0.262761 1.00197 36600
1.54202 -4.44089e-16 0.270954 1.0024 36660
1.54208 2.22045e-16 0.279157 1.00283 36720
1.54215 0 0.287372 1.00328 36780
1.54222 -3.33067e-16 0.295599 1.00374 36840
1.54228 1.11022e-16 0.303839 1.00421 36900
1.54236 0 0.312091 1.0047 36960
1.54243 -3.33067e-16 0.320357 1.00519 37020
1.54251 1.11022e-16 0.328636 1.00571 37080
1.54259 1.11022e-16 0.336928 1.00623 37140
1.54267 -1.11022e-16 0.345235 1.00676 37200
1.54275 -4.44089e-16 0.353557 1.00731 37260
1.54284 -2.22045e-16 0.361893 1.00787 37320
1.54293 -1.11022e-16 0.370245 1.00845 37380
1.54302 -2.22045e-16 0.378613 1.00903 37440
1.54311 0 0.386997 1.00963 37500
1.54321 1.11022e-16 0.395397 1.01024 37560
1.54331 -1.11022e-16 0.403814 1.01086 37620
1.54341 -1.11022e-16 0.412249 1.0115 37680
1.54351 3.33067e-16 0.420701 1.01215 37740
1.54362 -1.11022e-16 0.429172 1.01281 37800
1.54373 3.33067e-16 0.437661 1.01348 37860
1.54384 1.11022e-16 0.446169 1.01416 37920
1.54395 -2.22045e-16 0.454696 1.01486 37980
1.54407 -1.11022e-16 0.463243 1.01557 38040
1.54419 -2.22045e-16 0.47181 1.01629 38100
1.54431 -1.11022e-16 0.480398 1.01702 38160
1.54443 3.33067e-16 0.489007 1.01777 38220
1.54456 0 0.497638 1.01852 38280
1.54469 -1.11022e-16 0.50629 1.01929 38340
1.54482 -2.22045e-16 0.514965 1.02007 38400
1.54496 -3.33067e-16 0.523663 1.02087 38460
1.5451 -1.11022e-16 0.532383 1.02167 38520
1.54524 -1.11022e-16 0.541128 1.02249 38580
1.54538 -2.22045e-16 0.549896 1.02332 38640
1.54553 -1.11022e-16 0.55869 1.02416 38700
1.54568 0 0.567508 1.02501 38760
1.54583 2.22045e-16 0.576352 1.02587 38820
1.54598 1.11022e-16 0.585222 1.02675 38880
1.54614 -2.22045e-16 0.594118 1.02764 38940
1.5463 -1.11022e-16 0.603042 1.02853 39000
1.54646 -1.11022e-16 0.611993 1.02945 39060
1.54663 1.11022e-16 0.620972 1.03037 39120
1.5468 -1.11022e-16 0.629979 1.0313 39180
1.54697 1.11022e-16 0.639016 1.03225 39240
1.54714 0 0.648081 1.0332 39300
1.54732 1.11022e-16 0.657177 1.03417 39360
1.5475 -1.11022e-16 0.666304 1.03515 39420
1.54768 -3.33067e-16 0.675461 1.03614 39480
1.54787 -1.11022e-16 0.684651 1.03714 39540
1.54806 0 0.693872 1.03816 39600
1.54825 -2.22045e-16 0.703126 1.03918 39660
1.54845 -1.11022e-16 0.712413 1.04022 39720
1.54865 -2.22045e-16 0.721734 1.04127 39780
1.54885 2.22045e-16 0.731089 1.04233 39840
1.54905 0 0.74048 1.04339 39900
1.54926 -2.22045e-16 0.749906 1.04448 39960
1.54947 -2.22045e-16 0.759368 1.04557 40020
1.54969 -1.11022e-16 0.768866 1.04667 40080
1.54991 -2.22045e-16 0.778402 1.04778 40140
1.55013 -1.11022e-16 0.787976 1.04891 40200
1.55035 -1.11022e-16 0.797589 1.05004 40260
1.55058 -2.22045e-16 0.807241 1.05119 40320
1.55081 4.44089e-16 0.816932 1.05234 40380
1.55105 3.33067e-16 0.826664 1.05351 40440
1.55129 2.22045e-16 0.836438 1.05469 40500
1.55153 1.11022e-16 0.846252 1.05588 40560
1.55177 2.22045e-16 0.85611 1.05708 40620
1.55202 -1.11022e-16 0.86601 1.05829 40680
1.55227 2.22045e-16 0.875955 1.05951 40740
1.55253 3.33067e-16 0.885944 1.06074 40800
1.55279 1.11022e-16 0.895978 1.06198 40860
1.55305 0 0.906058 1.06323 40920
1.55332 0 0.916184 1.0645 40980
1.55359 -1.11022e-16 0.926359 1.06577 41040
1.55387 1.11022e-16 0.936581 1.06705 41100
1.55415 -1.11022e-16 0.946852 1.06834 41160
1.55443 -1.11022e-16 0.957173 1.06965 41220
1.55471 -1.11022e-16 0.967545 1.07096 41280
1.555 -3.33067e-16 0.977967 1.07228 41340
1.5553 -1.11022e-16 0.988442 1.07362 41400
1.5556 -1.11022e-16 0.99897 1.07496 41460
1.5559 2.22045e-16 1.00955 1.07631 41520
1.55621 1.11022e-16 1.02019 1.07767 41580
1.55652 0 1.03088 1.07905 41640
1.55683 2.22045e-16 1.04163 1.08043 41700
1.55715 -3.33067e-16 1.05243 1.08182 41760
1.55747 2.22045e-16 1.0633 1.08322 41820
1.5578 1.11022e-16 1.07422 1.08464 41880
1.55813 -1.11022e-16 1.0852 1.08606 41940
1.55847 0 1.09624 1.08749 42000
1.55881 -1.11022e-16 1.10735 1.08893 42060
1.55916 -1.11022e-16 1.11852 1.09038 42120
1.55951 1.11022e-16 1.12975 1.09184 42180
1.55986 -1.11022e-16 1.14104 1.09331 42240
1.56022 -1.11022e-16 1.15241 1.09479 42300
1.56059 0 1.16384 1.09627 42360
1.56095 0 1.17533 1.09777 42420
1.56133 0 1.1869 1.09928 42480
1.56171 -1.11022e-16 1.19854 1.10079 42540
1.56209 -2.22045e-16 1.21025 1.10231 42600
1.56248 0 1.22203 1.10385 42660
1.56287 2.22045e-16 1.23388 1.10539 42720
1.56327 -2.22045e-16 1.24581 1.10694 42780
1.56368 1.11022e-16 1.25781 1.1085 42840
1.56409 -1.11022e-16 1.26989 1.11007 42900
1.5645 1.11022e-16 1.28205 1.11165 42960
1.56492 1.11022e-16 1.29429 1.11324 43020
1.56535 0 1.30661 1.11483 43080
1.56578 0 1.31902 1.11643 43140
1.56622 1.11022e-16 1.3315 1.11805 43200
1.56666 2.22045e-16 1.34408 1.11967 43260
1.56711 1.11022e-16 1.35673 1.1213 43320
1.56756 -3.33067e-16 1.36948 1.12294 43380
1.56802 0 1.38231 1.12458 43440
1.56849 1.11022e-16 1.39524 1.12624 43500
1.56896 0 1.40826 1.1279 43560
1.56944 -2.22045e-16 1.42137 1.12957 43620
1.56993 1.11022e-16 1.43457 1.13125 43680
1.57042 -1.11022e-16 1.44788 1.13294 43740
1.57092 -1.11022e-16 1.46128 1.13464 43800
1.57142 2.22045e-16 1.47478 1.13634 43860
1.57193 2.22045e-16 1.48838 1.13806 43920
1.57245 -2.22045e-16 1.50209 1.13978 43980
1.57298 -1.11022e-16 1.5159 1.14151 44040
1.57351 2.22045e-16 1.52982 1.14324 44100
1.57405 1.11022e-16 1.54385 1.14499 44160
1.57459 2.22045e-16 1.55799 1.14674 44220
1.57515 1.11022e-16 1.57224 1.1485 44280
1.57571 0 1.5866 1.15027 44340
1.57628 -2.22045e-16 1.60108 1.15204 44400
1.57685 2.22045e-16 1.61568 1.15383 44460
1.57744 2.22045e-16 1.6304 1.15562 44520
1.57803 2.22045e-16 1.64525 1.15742 44580
1.57863 0 1.66021 1.15922 44640
1.57923 0 1.67531 1.16104 44700
1.57985 -1.11022e-16 1.69053 1.16286 44760
1.58047 -1.11022e-16 1.70589 1.16469 44820
1.5811 -1.11022e-16 1.72137 1.16652 44880
1.58175 0 1.737 1.16836 44940
1.5824 -1.11022e-16 1.75276 1.17021 45000
1.58305 -3.33067e-16 1.76867 1.17207 45060
1.58372 3.33067e-16 1.78471 1.17394 45120
1.5844 -1.11022e-16 1.80091 1.17581 45180
1.58508 -3.33067e-16 1.81725 1.17769 45240
1.58578 0 1.83375 1.17957 45300
1.58648 0 1.8504 1.18146 45360
1.5872 1.11022e-16 1.8672 1.18336 45420
1.58792 0 1.88417 1.18527 45480
1.58866 0 1.9013 1.18718 45540
1.58941 0 1.91859 1.1891 45600
1.59016 0 1.93606 1.19103 45660
1.59093 -1.11022e-16 1.9537 1.19296 45720
1.59171 1.11022e-16 1.97151 1.1949 45780
1.59249 -3.33067e-16 1.9895 1.19685 45840
1.59329 0 2.00768 1.1988 45900
1.5941 2.22045e-16 2.02604 1.20076 45960
1.59493 0 2.04459 1.20273 46020
1.59576 -1.11022e-16 2.06334 1.2047 46080
1.59661 -1.11022e-16 2.08228 1.20668 46140
1.59747 -2.22045e-16 2.10142 1.20867 46200
1.59834 1.11022e-16 2.12077 1.21066 46260
1.59923 -1.11022e-16 2.14033 1.21266 46320
1.60012 0 2.1601 1.21466 46380
1.60103 1.11022e-16 2.18009 1.21667 46440
1.60196 2.22045e-16 2.2003 1.21869 46500
1.6029 -1.11022e-16 2.22074 1.22071 46560
1.60385 1.11022e-16 2.24141 1.22274 46620
1.60482 -2.22045e-16 2.26232 1.22477 46680
1.6058 -1.11022e-16 2.28347 1.22682 46740
1.60679 0 2.30486 1.22886 46800
1.60781 1.11022e-16 2.32651 1.23091 46860
1.60883 0 2.34841 1.23297 46920
1.60988 -1.11022e-16 2.37057 1.23504 46980
1.61094 0 2.39301 1.23711 47040
1.61201 -1.11022e-16 2.41571 1.23918 47100
1.6131 -1.11022e-16 2.4387 1.24126 47160
1.61421 -1.11022e-16 2.46197 1.24335 47220
1.61534 -1.11022e-16 2.48554 1.24544 47280
1.61649 1.11022e-16 2.5094 1.24754 47340
1.61765 -1.11022e-16 2.53357 1.24964 47400
1.61883 -2.22045e-16 2.55805 1.25175 47460
1.62004 -1.11022e-16 2.58285 1.25386 47520
1.62126 1.11022e-16 2.60798 1.25598 47580
1.6225 -2.22045e-16 2.63344 1.25811 47640
1.62376 -2.22045e-16 2.65924 1.26024 47700
1.62505 2.22045e-16 2.6854 1.26237 47760
1.62635 -3.33067e-16 2.71191 1.26451 47820
1.62768 -3.33067e-16 2.73878 1.26666 47880
1.62903 2.22045e-16 2.76604 1.26881 47940
1.6304 -2.22045e-16 2.79367 1.27096 48000
1.63179 -1.11022e-16 2.8217 1.27312 48060
1.63321 1.11022e-16 2.85014 1.27529 48120
1.63466 -1.11022e-16 2.87898 1.27746 48180
1.63613 0 2.90826 1.27963 48240
1.63762 2.22045e-16 2.93796 1.28181 48300
1.63915 2.22045e-16 2.96811 1.284 48360
1.64069 -1.11022e-16 2.99871 1.28619 48420
1.64227 2.22045e-16 3.02979 1.28838 48480
1.64388 0 3.06134 1.29058 48540
1.64551 -3.33067e-16 3.09339 1.29278 48600
1.64718 2.22045e-16 3.12594 1.29499 48660
1.64887 1.11022e-16 3.15901 1.29721 48720
1.6506 0 3.19261 1.29942 48780
1.65236 -1.11022e-16 3.22676 1.30164 48840
1.65416 -1.11022e-16 3.26147 1.30387 48900
1.65598 -4.44089e-16 3.29676 1.3061 48960
1.65785 -1.11022e-16 3.33264 1.30834 49020
1.65975 -2.22045e-16 3.36913 1.31058 49080
1.66168 -2.22045e-16 3.40624 1.31282 49140
1.66366 -3.33067e-16 3.44401 1.31507 49200
1.66567 -1.11022e-16 3.48243 1.31732 49260
1.66772 -5.55112e-16 3.52154 1.31958 49320
1.66982 0 3.56134 1.32184 49380
1.67196 -1.11022e-16 3.60188 1.3241 49440
1.67414 0 3.64315 1.32637 49500
1.67637 -3.33067e-16 3.68519 1.32864 49560
1.67865 0 3.72802 1.33092 49620
1.68097 -1.11022e-16 3.77167 1.3332 49680
1.68334 -2.22045e-16 3.81615 1.33548 49740
1.68577 -2.22045e-16 3.8615 1.33777 49800
1.68824 1.11022e-16 3.90775 1.34006 49860
1.69077 -3.33067e-16 3.95491 1.34236 49920
1.69336 -1.11022e-16 4.00303 1.34466 49980
1.69601 0 4.05212 1.34696 50040
1.69871 -4.44089e-16 4.10223 1.34927 50100
1.70148 2.22045e-16 4.15339 1.35158 50160
1.70431 1.11022e-16 4.20564 1.35389 50220
1.70721 0 4.259 1.35621 50280
1.71017 -2.22045e-16 4.31352 1.35853 50340
1.71321 1.11022e-16 4.36924 1.36086 50400
1.71632 0 4.4262 1.36319 50460
1.71951 0 4.48445 1.36552 50520
1.72277 1.11022e-16 4.54403 1.36785 50580
1.72612 0 4.60499 1.37019 50640
1.72955 -2.22045e-16 4.66739 1.37253 50700
1.73306 3.33067e-16 4.73127 1.37488 50760
1.73667 2.22045e-16 4.79669 1.37723 50820
1.74038 -4.44089e-16 4.86371 1.37958 50880
1.74418 0 4.93239 1.38193 50940
1.74808 0 5.0028 1.38429 51000
1.75209 1.11022e-16 5.07501 1.38665 51060
1.75621 -1.11022e-16 5.1491 1.38901 51120
1.76044 -3.33067e-16 5.22512 1.39138 51180
1.7648 -2.22045e-16 5.30318 1.39375 51240
1.76927 -4.44089e-16 5.38334 1.39612 51300
1.77388 -3.33067e-16 5.46572 1.3985 51360
1.77863 0 5.55039 1.40088 51420
1.78351 -1.11022e-16 5.63745 1.40326 51480
1.78854 1.11022e-16 5.72703 1.40564 51540
1.79373 0 5.81923 1.40803 51600
1.79908 0 5.91416 1.41042 51660
1.80459 1.11022e-16 6.01197 1.41281 51720
1.81029 -2.22045e-16 6.11278 1.41521 51780
1.81616 -1.11022e-16 6.21674 1.4176 51840
1.82224 -4.44089e-16 6.324 1.42 51900
1.82851 1.11022e-16 6.43473 1.42241 51960
1.83501 -4.44089e-16 6.5491 1.42481 52020
1.84172 -1.11022e-16 6.6673 1.42722 52080
1.84868 -3.33067e-16 6.78954 1.42963 52140
1.85588 -3.33067e-16 6.91602 1.43204 52200
1.86335 4.44089e-16 7.04697 1.43446 52260
1.87109 -1.11022e-16 7.18265 1.43687 52320
1.87913 4.44089e-16 7.32332 1.43929 52380
1.88748 1.11022e-16 7.46926 1.44172 52440
1.89616 -3.33067e-16 7.62079 1.44414 52500
1.90519 -3.33067e-16 7.77824 1.44657 52560
1.91458 -4.44089e-16 7.94196 1.449 52620
1.92437 -2.22045e-16 8.11235 1.45143 52680
1.93457 -2.22045e-16 8.28982 1.45386 52740
1.94522 0 8.47485 1.45629 52800
1.95634 0 8.66792 1.45873 52860
1.96797 -1.11022e-16 8.86958 1.46117 52920
1.98014 6.66134e-16 9.08043 1.46361 52980
1.99288 0 9.30113 1.46605 53040
2.00625 -3.33067e-16 9.53237 1.4685 53100
2.02028 -5.55112e-16 9.77495 1.47094 53160
2.03503 3.33067e-16 10.0297 1.47339 53220
2.05056 0 10.2977 1.47584 53280
2.06692 3.33067e-16 10.5798 1.4783 53340
2.08418 0 10.8774 1.48075 53400
2.10243 1.11022e-16 11.1916 1.4832 53460
2.12175 4.44089e-16 11.524 1.48566 53520
2.14222 -2.22045e-16 11.8762 1.48812 53580
2.16397 2.22045e-16 12.25 1.49058 53640
2.18712 -2.22045e-16 12.6475 1.49304 53700
2.21179 2.22045e-16 13.0711 1.49551 53760
2.23816 0 13.5233 1.49797 53820
2.26638 0 14.0073 1.50044 53880
2.29668 0 14.5265 1.50291 53940
2.32929 0 15.085 1.50538 54000
2.36448 -4.44089e-16 15.6873 1.50785 54060
2.40257 0 16.339 1.51032 54120
2.44393 0 17.0463 1.51279 54180
2.48899 2.22045e-16 17.8167 1.51527 54240
2.5383 -6.66134e-16 18.659 1.51774 54300
2.59245 8.88178e-16 19.584 1.52022 54360
2.65222 -6.66134e-16 20.6044 1.5227 54420
2.71852 -4.44089e-16 21.7359 1.52518 54480
2.79248 2.22045e-16 22.9976 1.52766 54540
2.8755 -4.44089e-16 24.4135 1.53014 54600
2.96937 6.66134e-16 26.0138 1.53262 54660
3.07634 0 27.837 1.53511 54720
3.19937 2.22045e-16 29.9334 1.53759 54780
3.34236 -4.44089e-16 32.3693 1.54008 54840
3.51061 6.66134e-16 35.2346 1.54256 54900
3.71143 0 38.6541 1.54505 54960
3.95531 0 42.8058 1.54754 55020
4.25775 8.88178e-16 47.9534 1.55003 55080
4.64269 4.44089e-16 54.5044 1.55252 55140
5.14924 0 63.1235 1.55501 55200
5.8458 8.88178e-16 74.9744 1.5575 55260
6.86394 -4.44089e-16 92.2947 1.55999 55320
8.49315 4.44089e-16 120.008 1.56248 55380
11.5194 -1.77636e-15 171.482 1.56498 55440
19.0878 -1.77636e-15 300.209 1.56747 55500
72.1758 -7.10543e-15 1203.13 1.56997 55560
