32820 57480
32760 57540
32760 57600
32760 57720
32700 57780
32700 57840
32640 57960
32580 58080
32580 58140
32520 58260
32460 58320
32400 58440
32340 58560
32280 58680
32220 58800
32160 58860
32040 58980
31980 59100
31920 59220
31800 59340
31740 59460
31620 59580
31560 59700
31440 59820
31380 59940
31260 60060
31140 60240
31080 60360
30960 60480
30840 60600
30720 60720
30600 60840
30480 60960
30360 61080
30240 61260
30120 61380
30000 61500
29880 61620
29760 61740
29640 61860
29520 62040
29400 62160
29220 62280
29100 62400
28980 62520
28860 62640
28680 62760
28560 62940
28440 63060
28260 63180
28140 63300
27960 63420
27840 63540
27720 63660
27540 63780
27420 63960
27240 64080
27120 64200
26940 64320
26820 64440
26640 64560
26520 64680
26340 64800
26220 64920
26040 65040
25860 65160
25740 65280
25560 65400
25440 65520
25260 65640
25140 65760
24960 65880
24780 66000
24660 66120
24480 66240
24300 66360
24180 66480
24000 66600
23880 66720
23700 66840
23520 66960
23400 67080
23220 67200
23040 67320
22920 67440
22740 67560
22620 67680
22440 67800
22260 67920
22140 67980
21960 68100
21780 68220
21660 68340
21480 68460
21360 68580
21180 68700
21060 68820
20880 68940
20700 69060
20580 69180
20400 69300
20280 69420
20100 69540
19980 69660
19800 69780
19680 69840
19500 69960
19380 70080
19200 70200
19080 70320
18900 70440
18780 70560
18660 70680
18480 70800
18360 70920
18180 71040
18060 71160
17940 71280
17820 71400
17640 71520
17520 71640
17400 71760
17280 71820
17100 71940
16980 72060
16860 72180
16740 72300
16620 72420
16500 72540
16380 72660
16260 72780
16140 72840
16020 72960
15900 73080
15780 73200
15660 73320
15600 73380
15480 73500
15360 73620
15240 73740
15180 73800
15060 73920
15000 74040
14880 74100
14820 74220
14700 74340
14640 74400
14580 74520
14460 74580
14400 74700
14340 74760
14280 74820
14220 74940
14160 75000
14100 75060
14040 75120
13980 75240
13920 75300
13920 75360
13860 75420
13800 75480
13800 75540
13740 75600
13740 75600
13740 75660
13680 75720
13680 75720
13680 75780
13680 75840
13680 75840
13680 75840
13680 75900
13680 75900
13740 75900
13740 75900
13740 75900
13800 75960
13800 75900
13860 75900
13860 75900
13920 75900
13980 75900
14040 75840
14040 75840
14100 75780
14160 75780
14220 75720
14280 75720
14340 75660
14460 75600
14520 75540
14580 75480
14640 75420
14760 75360
14820 75300
14940 75240
15000 75180
15120 75120
15180 75060
15300 74940
15360 74880
15480 74760
15600 74700
15660 74640
15780 74520
15900 74400
16020 74340
16080 74220
16200 74100
16320 74040
16440 73920
16560 73800
16680 73680
16740 73560
16860 73440
16980 73320
17100 73200
17220 73080
17340 72960
17460 72840
17580 72720
17700 72600
17820 72480
17940 72360
18060 72240
18180 72060
18300 71940
18420 71820
18540 71700
18660 71520
18780 71400
18900 71280
19020 71100
19140 70980
19260 70800
19440 70680
19560 70560
19680 70380
19800 70260
19920 70080
20040 69960
20160 69780
20280 69660
20400 69480
20520 69360
20640 69180
20760 69060
20880 68880
21000 68760
21120 68580
21240 68460
21360 68280
21480 68100
21600 67980
21720 67800
21900 67680
22020 67500
22140 67320
22260 67200
22380 67020
22500 66900
22620 66720
22740 66540
22860 66420
22980 66240
23100 66120
23220 65940
23340 65760
23460 65640
23640 65460
23760 65340
23880 65160
24000 64980
24120 64860
24240 64680
24360 64560
24480 64380
24600 64260
24780 64080
24900 63960
25020 63780
25140 63600
25260 63480
25380 63300
25560 63180
25680 63000
25800 62880
25920 62760
26040 62580
26160 62460
26340 62280
26460 62160
26580 61980
26700 61860
26880 61740
27000 61560
27120 61440
27240 61320
27360 61200
27540 61020
27660 60900
27780 60780
27900 60660
28080 60480
28200 60360
28320 60240
28500 60120
28620 60000
28740 59880
28860 59760
28980 59640
29160 59520
29280 59400
29400 59280
29520 59220
29700 59100
29820 58980
29940 58860
30060 58800
30180 58680
30300 58620
30420 58500
30600 58440
30720 58320
30840 58260
30960 58140
31080 58080
31200 58020
31320 57960
31380 57900
31500 57840
31620 57780
31740 57720
31860 57660
31920 57600
32040 57540
32160 57480
32220 57480
32340 57420
32400 57420
32460 57360
32580 57360
32640 57360
32700 57360
32760 57300
32880 57300
32940 57300
33000 57300
33000 57360
33060 57360
33120 57360
33180 57360
33180 57420
33240 57420
33240 57480
33300 57540
33300 57540
33300 57600
33300 57660
33360 57720
33360 57780
33360 57840
33300 57900
33300 57960
33300 58080
